TRANSLACIA:
X:91.5878
Y:165.223
Z:1050.9
ROTACIA
1: -0.922603 0.1509 0.355011 
2: 0.187855 0.979567 0.0718264 
3: -0.336918 0.132958 -0.932099 

TRANSLACIA:
X:87.5634
Y:159.061
Z:1277.43
ROTACIA
1: 0.983958 -0.092581 0.152495 
2: -0.110398 -0.987462 0.112835 
3: 0.140137 -0.12786 -0.981842 


TRANSLACIA:
X:554.935
Y:673.363
Z:969.524
ROTACIA
1: 0.977973 0.11941 -0.171204 
2: 0.0373234 -0.907024 -0.419422 
3: -0.205369 0.403794 -0.891501 


TRANSLACIA:
X:1086.12
Y:466.891
Z:810.392
ROTACIA
1: 0.637966 0.19072 -0.746073 
2: 0.100445 -0.981177 -0.164929 
3: -0.763485 0.0302799 -0.645115

TRANSLACIA:
X:1087.65
Y:377.016
Z:658.072
ROTACIA
1: 0.637457 0.190659 -0.746524 
2: 0.10003 -0.981179 -0.165173 
3: -0.763965 0.0306156 -0.644531 


TRANSLACIA:
X:694.652
Y:-37.7003
Z:796.197
ROTACIA
1: 0.883782 0.177625 -0.432873 
2: 0.309333 -0.915928 0.255711 
3: -0.35106 -0.359895 -0.864426

TRANSLACIA:
X:138.662
Y:324.151
Z:948.19
ROTACIA
1: -0.754926 0.63068 0.179803 
2: 0.62762 0.774311 -0.0808408 
3: -0.190208 0.0518192 -0.980375  

TRANSLACIA:
X:-198.538
Y:-37.0495
Z:780.019
ROTACIA
1: -0.798872 0.319414 0.509685 
2: 0.506806 0.813813 0.284353 
3: -0.323962 0.485473 -0.812013 


